1.27138
1.21391
1.11047
0.971467
0.86783
0.794652
0.730606
0.668694
0.616653
0.588737
0.5718
0.539728
0.657554
0.578715
0.536689
0.501154
0.470111
0.43554
0.413838
0.395418
0.376492
0.356099
0.335952
0.39665
0.376383
0.355644
0.331821
0.306831
0.282946
0.261629
0.243836
0.271667
0.253205
0.230714
0.210825
0.192963
0.177155
0.163304
0.168648
0.15397
0.141193
0.130137
0.116323
0.108775
0.117395
0.110173
0.0983228
0.0930135
0.0882923
0.0788323
0.0836785
0.0788463
0.0711925
0.0660368
0.0684573
0.0593704
0.0547964
0.0517029
0.0518075
0.0494533
0.0473899
0.0425743
0.0440491
0.0402045
0.0355144
0.035919
0.0307797
0.0285939
0.0287617
0.0246054
0.0244774
0.021084
0.0194446
0.0198263
0.0176823
0.0177827
0.0161237
0.015025
0.0147566
0.0127017
0.0123772
0.0113812
0.0105784
0.0104962
0.00988795
0.00846289
0.00796597
0.00599183
0.00574982
0.00539944
0.00506391
0.00488627
0.00460735
0.00402624
0.00379905
0.00360179
0.00333044
0.0032585
0.00311132
0.00253253
0.00229739
0.00205288
0.00170248
0.00126747
0.000931261
0.000639459
0.000373499
0.000325297
0.000367615
0.000385176
0.000362642
0.000311511
0.000404878
0.000454719
0.000443854
0.000504151
0.000619117
0.000598418
0.000376084
0.000135254
2.61383e-05
3.70255e-06
1.14404e-06
4.79267e-07
2.18165e-07
1.02377e-07
7.5185e-08
0
