0.214425
0.211124
0.198791
0.186136
0.174028
0.164234
0.155215
0.149117
0.146638
0.149255
0.151649
0.14107
0.150579
0.118286
0.10293
0.0959364
0.0894893
0.0848676
0.0824259
0.080699
0.079242
0.0775437
0.0755461
0.0919716
0.0896616
0.0874048
0.0853935
0.0840568
0.0833081
0.0830861
0.0832613
0.100337
0.100374
0.099476
0.0977092
0.0968079
0.0966632
0.0968051
0.113868
0.115769
0.116163
0.116648
0.11704
0.118088
0.136479
0.138478
0.141602
0.143634
0.144467
0.144929
0.165525
0.167986
0.171192
0.173399
0.193011
0.192703
0.193521
0.194053
0.214435
0.213278
0.212972
0.213343
0.231978
0.231357
0.228092
0.245157
0.242356
0.239012
0.256004
0.25422
0.272075
0.271808
0.271768
0.289097
0.287311
0.301905
0.299786
0.307352
0.320127
0.313381
0.319457
0.313893
0.314213
0.319668
0.324235
0.306394
0.313504
0.316003
0.318674
0.324685
0.323862
0.323915
0.335724
0.321641
0.316133
0.31957
0.297358
0.296143
0.293938
0.28047
0.269652
0.263347
0.256617
0.242693
0.231587
0.222956
0.214813
0.194866
0.180121
0.163417
0.151019
0.136124
0.121375
0.10649
0.0953767
0.0797844
0.0655805
0.0540695
0.0442769
0.0346242
0.0257352
0.0185
0.0131492
0.00919101
0.00656476
0.00522152
0.00484993
0
