Data                     Bins

1.532068864337389892e-04 1.000000000000000000e+02
1.409056035813949952e-04 1.064785977823349015e+02
1.442604989047615292e-04 1.133769178569225602e+02
1.341958129346619002e-04 1.207221523428809320e+02
1.202170824206346122e-04 1.285432550273537800e+02
1.325183652729786197e-04 1.368710554968970428e+02
1.123889933327793347e-04 1.457383806629773915e+02
9.785111359819096213e-05 1.551801841606198309e+02
1.325183652729786197e-04 1.652336841302729908e+02
1.000877104804353271e-04 1.759385099260072991e+02
1.062383519066073377e-04 1.873368583283466648e+02
1.000877104804353271e-04 1.994736598775028256e+02
8.107663698135822460e-05 2.123967559826689921e+02
8.778642762809131962e-05 2.261570875055134877e+02
9.561451671594659713e-05 2.408088955612388702e+02
8.778642762809131962e-05 2.564099353287347753e+02
7.716259243743059262e-05 2.730217037126285504e+02
9.225962139258004962e-05 2.907096817546478746e+02
8.275408464304150513e-05 3.095435927498373303e+02
8.610897996640805264e-05 3.295976770850880939e+02
1.034426058038018746e-04 3.509509848833503156e+02
9.729196437762987766e-05 3.736876876070851949e+02
9.114132295145786712e-05 3.978974098492568032e+02
9.002302451033568462e-05 4.236755826197187957e+02
9.896941203931314463e-05 4.511238195196144147e+02
1.537660356543000737e-04 4.803503172865966349e+02
9.505536749538551265e-05 5.114702822897647820e+02
7.828089087855277513e-05 5.446063846554920929e+02
9.002302451033568462e-05 5.798892418142371525e+02
9.896941203931314463e-05 6.174579333744130736e+02
9.281877061314114765e-05 6.574605493528587203e+02
1.163030378767069802e-04 7.000547739229598392e+02
1.123889933327793347e-04 7.454085069814631197e+02
1.140664409944626152e-04 7.937005259840999543e+02
1.196579332000735277e-04 8.451211906588863485e+02
1.230128285234400752e-04 8.998731933749553491e+02
1.297226191701731702e-04 9.581723581247714492e+02
1.319592160524175352e-04 1.020248491269190026e+03
1.314000668318564236e-04 1.086346287398860113e+03
1.263677238468066092e-04 1.156726293882761411e+03
1.386690066991506302e-04 1.231665937905934697e+03
1.207762316411957102e-04 1.311460620044882944e+03
1.269268730673676936e-04 1.396424878691306276e+03
1.341958129346619002e-04 1.486893629914174198e+03
1.347549621552229847e-04 1.583223487647474485e+03
1.179804855383902472e-04 1.685794169407607342e+03
1.207762316411957102e-04 1.795009993081581797e+03
1.347549621552229847e-04 1.911301470686054927e+03
1.129481425533404327e-04 2.035127005379656111e+03
1.308409176112953392e-04 2.166974698417883701e+03
1.297226191701731702e-04 2.307364273173340735e+03
1.123889933327793347e-04 2.456849123805539421e+03
1.252494254056844402e-04 2.616018496655719446e+03
1.375507082580284342e-04 2.785499812965527781e+03
1.286043207290509742e-04 2.965961142075258522e+03
1.291634699496120586e-04 3.158113834850657895e+03
1.202170824206346122e-04 3.362715327718908156e+03
1.353141113757840692e-04 3.580572128366741254e+03
1.431422004636393602e-04 3.812542994870010716e+03
1.453787973458837252e-04 4.059542320786224082e+03
1.610349755215942803e-04 4.322543739553627347e+03
1.515294387720557087e-04 4.602583962404809427e+03
1.269268730673676936e-04 4.900766864923264620e+03
1.699813630505717403e-04 5.218267838351592218e+03
1.336366637141007886e-04 5.556338422803334652e+03
1.185396347589513452e-04 5.916311240642093253e+03
1.431422004636393602e-04 6.299605249474369884e+03
1.163030378767069802e-04 6.707731335462662173e+03
9.505536749538551265e-05 7.142298269006937517e+03
4.696853452713166508e-05 7.605019046270565013e+03
2.795746102805456255e-05 8.097717641548397296e+03
0.000000000000000000e+00 8.622336197093494775e+03
0.000000000000000000e+00 9.180942678743853321e+03
0.000000000000000000e+00 9.775739027526402424e+03
0.000000000000000000e+00 1.040906983937058612e+04
0.000000000000000000e+00 1.108343160714572878e+04
0.000000000000000000e+00 1.180148256145286541e+04
0.000000000000000000e+00 1.256605314896180425e+04
0.000000000000000000e+00 1.338015718959748301e+04
0.000000000000000000e+00 1.424700375655565585e+04
0.000000000000000000e+00 1.517000982597705661e+04
0.000000000000000000e+00 1.615281374614281049e+04
0.000000000000000000e+00 1.719928957928509044e+04
0.000000000000000000e+00 1.831356237254599182e+04
0.000000000000000000e+00 1.950002441828029623e+04
0.000000000000000000e+00 2.076335256779778865e+04
0.000000000000000000e+00 2.210852666679349204e+04
0.000000000000000000e+00 2.354084918513532102e+04
0.000000000000000000e+00 2.506596611838632816e+04
0.000000000000000000e+00 2.668988924345289706e+04
0.000000000000000000e+00 2.841901981608684946e+04
0.000000000000000000e+00 3.026017380365326244e+04
0.000000000000000000e+00 3.222060875262739864e+04
0.000000000000000000e+00 3.430805239672988682e+04
0.000000000000000000e+00 3.653073311846677097e+04
0.000000000000000000e+00 3.889741238415047701e+04
0.000000000000000000e+00 4.141741928025567177e+04
0.000000000000000000e+00 4.410068728724671382e+04
0.000000000000000000e+00 4.695779343583277659e+04
