0.254908
0.247114
0.229893
0.213207
0.198787
0.187114
0.176855
0.172285
0.173286
0.180751
0.184127
0.166716
0.172856
0.134664
0.119867
0.114676
0.110005
0.105684
0.102388
0.0996658
0.0973543
0.0951901
0.0932791
0.114793
0.113698
0.113297
0.113419
0.113727
0.114011
0.114238
0.114233
0.136537
0.135653
0.134977
0.1352
0.135454
0.134609
0.133123
0.152763
0.15136
0.15176
0.152537
0.153347
0.153874
0.176405
0.176962
0.177416
0.177295
0.177385
0.177459
0.199677
0.199935
0.200273
0.2001
0.222273
0.222073
0.222144
0.222149
0.244263
0.243313
0.242386
0.240202
0.260314
0.259035
0.255203
0.273566
0.269361
0.263023
0.280399
0.275506
0.290975
0.287476
0.277012
0.29202
0.285496
0.297959
0.294636
0.297827
0.309346
0.301544
0.308976
0.304051
0.303503
0.307924
0.311404
0.290583
0.293522
0.287305
0.282534
0.282642
0.268037
0.259732
0.262168
0.246898
0.243121
0.245866
0.223579
0.218674
0.213599
0.201321
0.187518
0.175825
0.161791
0.142572
0.130399
0.118268
0.104272
0.0826325
0.0682646
0.0540118
0.0424176
0.0323057
0.0250227
0.0188239
0.0146019
0.0109424
0.00796228
0.00554167
0.0037028
0.00235173
0.00140351
0.000773227
0.000393773
0.000181779
7.77809e-05
3.03799e-05
1.28364e-05
0
