Data                     Bins

4.644592024550480531e-05 1.000000000000000000e+02
4.282087281170931386e-05 1.064785977823349015e+02
3.693017073179162671e-05 1.133769178569225602e+02
3.828956351946494278e-05 1.207221523428809320e+02
3.579734340873053224e-05 1.285432550273537800e+02
3.693017073179162671e-05 1.368710554968970428e+02
3.987552177175046690e-05 1.457383806629773915e+02
3.466451608566944456e-05 1.551801841606198309e+02
3.103946865187394633e-05 1.652336841302729908e+02
3.126603411648616116e-05 1.759385099260072991e+02
2.537533203656848078e-05 1.873368583283466648e+02
2.854724854113953919e-05 1.994736598775028256e+02
2.786755214730288454e-05 2.123967559826689921e+02
2.446907017811960792e-05 2.261570875055134877e+02
2.582846296579291721e-05 2.408088955612388702e+02
2.786755214730288454e-05 2.564099353287347753e+02
2.922694493497619722e-05 2.730217037126285504e+02
2.673472482424179346e-05 2.907096817546478746e+02
2.492220110734404435e-05 3.095435927498373303e+02
2.084402274432410970e-05 3.295976770850880939e+02
2.650815935962957525e-05 3.509509848833503156e+02
2.628159389501735364e-05 3.736876876070851949e+02
2.945351039958841544e-05 3.978974098492568032e+02
2.786755214730288454e-05 4.236755826197187957e+02
2.922694493497619722e-05 4.511238195196144147e+02
1.073920302261916035e-04 4.803503172865966349e+02
2.537533203656848078e-05 5.114702822897647820e+02
2.741442121807844811e-05 5.446063846554920929e+02
2.514876657195626257e-05 5.798892418142371525e+02
2.832068307652732097e-05 6.174579333744130736e+02
2.809411761191510276e-05 6.574605493528587203e+02
3.489108155028165938e-05 7.000547739229598392e+02
3.375825422722056492e-05 7.454085069814631197e+02
3.239886143954725563e-05 7.937005259840999543e+02
4.010208723636268850e-05 8.451211906588863485e+02
4.146148002403599779e-05 8.998731933749553491e+02
4.123491455942378297e-05 9.581723581247714492e+02
5.324288418387136532e-05 1.020248491269190026e+03
5.392258057770802336e-05 1.086346287398860113e+03
4.961783675007586710e-05 1.156726293882761411e+03
6.525085380831895446e-05 1.231665937905934697e+03
6.434459194987008160e-05 1.311460620044882944e+03
7.499316878664434788e-05 1.396424878691306276e+03
8.337609097729643880e-05 1.486893629914174198e+03
8.700113841109193024e-05 1.583223487647474485e+03
8.790740026954080310e-05 1.685794169407607342e+03
1.042201137216205417e-04 1.795009993081581797e+03
1.110170776599871085e-04 1.911301470686054927e+03
1.182671725275780914e-04 2.035127005379656111e+03
1.169077797399047889e-04 2.166974698417883701e+03
1.368455406257800325e-04 2.307364273173340735e+03
1.252907019305568798e-04 2.456849123805539421e+03
1.463612901394932043e-04 2.616018496655719446e+03
1.715100567114494635e-04 2.785499812965527781e+03
1.567833015116552626e-04 2.965961142075258522e+03
1.619943071977362917e-04 3.158113834850657895e+03
1.730960149637350012e-04 3.362715327718908156e+03
1.900884248096513910e-04 3.580572128366741254e+03
1.601817834808385460e-04 3.812542994870010716e+03
1.896352938804269478e-04 4.059542320786224082e+03
1.810258062251626353e-04 4.322543739553627347e+03
1.946197341018957689e-04 4.602583962404809427e+03
1.633536999854095942e-04 4.900766864923264620e+03
1.828383299420603810e-04 5.218267838351592218e+03
1.660724855607562263e-04 5.556338422803334652e+03
1.357127133027189380e-04 5.916311240642093253e+03
1.409237189887999672e-04 6.299605249474369884e+03
1.241578746074957853e-04 6.707731335462662173e+03
9.991536989398839901e-05 7.142298269006937517e+03
4.372713467015818672e-05 7.605019046270565013e+03
2.175028460277298256e-05 8.097717641548397296e+03
0.000000000000000000e+00 8.622336197093494775e+03
0.000000000000000000e+00 9.180942678743853321e+03
0.000000000000000000e+00 9.775739027526402424e+03
0.000000000000000000e+00 1.040906983937058612e+04
0.000000000000000000e+00 1.108343160714572878e+04
0.000000000000000000e+00 1.180148256145286541e+04
0.000000000000000000e+00 1.256605314896180425e+04
0.000000000000000000e+00 1.338015718959748301e+04
0.000000000000000000e+00 1.424700375655565585e+04
0.000000000000000000e+00 1.517000982597705661e+04
0.000000000000000000e+00 1.615281374614281049e+04
0.000000000000000000e+00 1.719928957928509044e+04
0.000000000000000000e+00 1.831356237254599182e+04
0.000000000000000000e+00 1.950002441828029623e+04
0.000000000000000000e+00 2.076335256779778865e+04
0.000000000000000000e+00 2.210852666679349204e+04
0.000000000000000000e+00 2.354084918513532102e+04
0.000000000000000000e+00 2.506596611838632816e+04
0.000000000000000000e+00 2.668988924345289706e+04
0.000000000000000000e+00 2.841901981608684946e+04
0.000000000000000000e+00 3.026017380365326244e+04
0.000000000000000000e+00 3.222060875262739864e+04
0.000000000000000000e+00 3.430805239672988682e+04
0.000000000000000000e+00 3.653073311846677097e+04
0.000000000000000000e+00 3.889741238415047701e+04
0.000000000000000000e+00 4.141741928025567177e+04
0.000000000000000000e+00 4.410068728724671382e+04
0.000000000000000000e+00 4.695779343583277659e+04
