1.60379
1.49419
1.33369
1.1663
1.0417
0.950769
0.874234
0.819017
0.767668
0.721371
0.686217
0.635533
0.778573
0.697313
0.640821
0.592785
0.555624
0.513215
0.480041
0.449556
0.421269
0.395544
0.371746
0.434097
0.402725
0.372397
0.343759
0.316979
0.293267
0.273058
0.255977
0.285077
0.265124
0.240672
0.217967
0.198611
0.182109
0.168019
0.173185
0.156226
0.141463
0.128661
0.112713
0.102272
0.107763
0.09869
0.0873338
0.0810701
0.0753735
0.0632314
0.0635469
0.0562735
0.0450869
0.0389994
0.0379192
0.0302384
0.026316
0.0235954
0.0196156
0.01698
0.0146748
0.00998113
0.00920634
0.00661844
0.00468177
0.00415864
0.00276579
0.00220105
0.00184521
0.00123405
0.00111884
0.0007899
0.00057787
0.000499538
0.000252981
0.000218135
0.000134307
9.26947e-05
7.34236e-05
3.96732e-05
3.10549e-05
2.03243e-05
1.14568e-05
8.86963e-06
4.72118e-06
2.87108e-06
1.96313e-06
8.14225e-07
5.95734e-07
3.20145e-07
1.34251e-07
8.77855e-08
3.7414e-08
1.61206e-08
8.90969e-09
3.33997e-09
1.25686e-09
6.23935e-10
2.07644e-10
5.48052e-11
2.56823e-11
7.4184e-12
1.33045e-12
4.24299e-13
1.01016e-13
1.41938e-14
1.15774e-15
2.07693e-16
1.99672e-17
1.06196e-18
1.01205e-19
7.23051e-21
3.71313e-22
5.82355e-23
2.21908e-24
3.02094e-26
5.50155e-29
2.78485e-34
2.13855e-43
0
0
0
0
0
0
0
0
0
