Data                     Bins

7.147462644073494667e-04 1.000000000000000000e+02
7.070882687172707964e-04 1.064785977823349015e+02
6.524612327947090871e-04 1.133769178569225602e+02
6.652245589448402404e-04 1.207221523428809320e+02
6.386768405525673504e-04 1.285432550273537800e+02
5.963025977341315570e-04 1.368710554968970428e+02
5.677127471578376086e-04 1.457383806629773915e+02
5.656706149738166588e-04 1.551801841606198309e+02
5.151278434192968492e-04 1.652336841302729908e+02
4.936854554870764421e-04 1.759385099260072991e+02
5.059382485912023580e-04 1.873368583283466648e+02
4.773483980149084097e-04 1.994736598775028256e+02
4.625429396807561981e-04 2.123967559826689921e+02
4.656061379567876771e-04 2.261570875055134877e+02
4.441637500245672159e-04 2.408088955612388702e+02
4.191476307703099840e-04 2.564099353287347753e+02
4.247634942763677045e-04 2.730217037126285504e+02
4.339530891044621956e-04 2.907096817546478746e+02
4.252740273223729419e-04 3.095435927498373303e+02
4.125107011722417344e-04 3.295976770850880939e+02
4.089369698502049637e-04 3.509509848833503156e+02
4.528428118066564153e-04 3.736876876070851949e+02
4.844958606589818968e-04 3.978974098492568032e+02
4.885801250270239591e-04 4.236755826197187957e+02
4.436532169785619242e-04 4.511238195196144147e+02
6.105975230222785311e-04 4.803503172865966349e+02
4.610113405427404315e-04 5.114702822897647820e+02
4.502901465766301738e-04 5.446063846554920929e+02
4.732641336468664016e-04 5.798892418142371525e+02
4.620324066347509064e-04 6.174579333744130736e+02
4.487585474386144614e-04 6.574605493528587203e+02
4.247634942763677045e-04 7.000547739229598392e+02
4.400794856565252077e-04 7.454085069814631197e+02
4.395689526105199703e-04 7.937005259840999543e+02
4.497796135306249363e-04 8.451211906588863485e+02
4.074053707121891971e-04 8.998731933749553491e+02
4.257845603683781794e-04 9.581723581247714492e+02
4.120001681262364427e-04 1.020248491269190026e+03
4.023000402521367141e-04 1.086346287398860113e+03
3.818787184119267278e-04 1.156726293882761411e+03
3.813681853659214903e-04 1.231665937905934697e+03
3.568625991576694959e-04 1.311460620044882944e+03
3.308254138114017891e-04 1.396424878691306276e+03
3.170410215692600524e-04 1.486893629914174198e+03
2.996828980050815451e-04 1.583223487647474485e+03
3.078514267411655613e-04 1.685794169407607342e+03
2.675193161067508261e-04 1.795009993081581797e+03
2.322925359323886011e-04 1.911301470686054927e+03
2.266766724263308535e-04 2.035127005379656111e+03
2.067658836321261046e-04 2.166974698417883701e+03
1.643916408136903925e-04 2.307364273173340735e+03
1.470335172495118852e-04 2.456849123805539421e+03
1.291648606393281675e-04 2.616018496655719446e+03
1.312069928233491715e-04 2.785499812965527781e+03
1.148699353511811662e-04 2.965961142075258522e+03
8.679061782089244183e-05 3.158113834850657895e+03
6.126396552062995894e-05 3.362715327718908156e+03
4.492690804846196718e-05 3.580572128366741254e+03
3.675837931237797130e-05 3.812542994870010716e+03
2.807931753028873118e-05 4.059542320786224082e+03
2.144238793222048495e-05 4.322543739553627347e+03
7.147462644073494701e-06 4.602583962404809427e+03
3.573731322036747351e-06 4.900766864923264620e+03
1.531599138015749016e-06 5.218267838351592218e+03
1.021066092010499273e-06 5.556338422803334652e+03
1.021066092010499273e-06 5.916311240642093253e+03
0.000000000000000000e+00 6.299605249474369884e+03
0.000000000000000000e+00 6.707731335462662173e+03
0.000000000000000000e+00 7.142298269006937517e+03
0.000000000000000000e+00 7.605019046270565013e+03
0.000000000000000000e+00 8.097717641548397296e+03
0.000000000000000000e+00 8.622336197093494775e+03
0.000000000000000000e+00 9.180942678743853321e+03
0.000000000000000000e+00 9.775739027526402424e+03
0.000000000000000000e+00 1.040906983937058612e+04
0.000000000000000000e+00 1.108343160714572878e+04
0.000000000000000000e+00 1.180148256145286541e+04
0.000000000000000000e+00 1.256605314896180425e+04
0.000000000000000000e+00 1.338015718959748301e+04
0.000000000000000000e+00 1.424700375655565585e+04
0.000000000000000000e+00 1.517000982597705661e+04
0.000000000000000000e+00 1.615281374614281049e+04
0.000000000000000000e+00 1.719928957928509044e+04
0.000000000000000000e+00 1.831356237254599182e+04
0.000000000000000000e+00 1.950002441828029623e+04
0.000000000000000000e+00 2.076335256779778865e+04
0.000000000000000000e+00 2.210852666679349204e+04
0.000000000000000000e+00 2.354084918513532102e+04
0.000000000000000000e+00 2.506596611838632816e+04
0.000000000000000000e+00 2.668988924345289706e+04
0.000000000000000000e+00 2.841901981608684946e+04
0.000000000000000000e+00 3.026017380365326244e+04
0.000000000000000000e+00 3.222060875262739864e+04
0.000000000000000000e+00 3.430805239672988682e+04
0.000000000000000000e+00 3.653073311846677097e+04
0.000000000000000000e+00 3.889741238415047701e+04
0.000000000000000000e+00 4.141741928025567177e+04
0.000000000000000000e+00 4.410068728724671382e+04
0.000000000000000000e+00 4.695779343583277659e+04
